24438483
8659767
24459006
24309294
8957205
7727612
2765447
1359137
15366550
9125676
3339945
19655282
12523489
24055495
7248895
8667442
1360900
10985896
7671401
2453942
24284476
19967075
8308951
8392553
20192893
816141
9132810
11799346
24040781
3083835
16323982
20034406
3125850
11401944
15991002
3155884
10975596
20009434
23871786
24897009
3711722
6673474
573555
19715529
2239937
19841052
10462057
24114426
16083708
12948256
15630069
25080425
15229250
946593
20046642
3708328
24894748
24190587
19815465
24816962
8188982
18422462
7369302
3831029
6529939
24664478
1522360
20431083
20408947
12051122
15321332
12677626
16920333
7378868
3088653
16876986
2710809
24588023
612112
24675088
12498738
18450790
19549709
2625524
24535067
23952588
20024739
12372954
9272404
19154241
24727461
14748761
20959502
3864191
8135424
920167
753803
3812624
19681452
17879217
