12487427
23539511
2859531
23229511
23146761
23527317
8073394
6311012
6150080
1322047
17575572
23386029
15095008
18954704
23624419
10561120
23554574
23558600
23271742
22422627
23381641
10510456
22926699
23603381
3320565
23239555
23645211
23478802
11181577
23639187
23395669
15557128
9204085
23619606
11688549
11398914
22992330
23353821
23507868
23535185
23626400
23279865
17596133
16622728
23194529
10709635
23525902
23399323
17207582
22493952
16213084
23639248
23353736
23523831
17041099
11698075
23479738
10831596
23322166
3588607
23337567
14633707
11695255
23333093
16905533
23602989
17632107
23644213
17652763
23086748
23535288
23340897
23545568
11212269
23146664
23623491
23643725
19952416
23379481
23416191
11155778
23429911
20724158
23317163
22552008
23371451
23406956
15942707
10201371
11161433
16207494
17592724
18439678
23042730
17512723
23319584
15894928
23567241
23232060
11922402
