27688111
28440108
27933664
27838742
27840131
28203067
27440725
28463704
28145492
28034730
27488602
27887026
28099123
27796510
28054712
28409651
27603112
27383326
27408381
27540584
28334854
28282592
28380217
28301911
28157408
27425447
28145617
27503899
28002085
28447586
27788142
28107548
28523479
28085490
28179929
27569827
27616047
28400056
28375743
27245335
27975020
28105595
27427881
28281646
27799834
28083459
27709647
28539192
28429500
27837821
27371369
27525173
27286174
27822855
27694780
27723907
27548715
28391514
27801735
28399751
28125612
28077286
28256742
27524790
27608968
27801889
27690568
27320863
27378175
27535586
27647760
27473380
27881529
27986797
28166758
28327105
28505177
28099370
27372076
28192171
28161910
27472389
27384676
27593786
27623277
28197965
28000391
27326810
27366491
27837915
27757318
27941815
28477843
27939207
27786291
27708411
27832198
27866504
27798906
27994640
