9724771
9467011
9888388
9702690
9580132
9585605
9618170
9792860
993342
9465039
9634518
9382108
9358014
9371490
9856498
9988281
9585583
9703501
9674903
9465301
9856499
9482572
9771706
9439660
9311732
9463309
932197
9554743
9927033
9861003
9674906
9949209
9420335
9770531
9463314
9472666
9731533
9600235
9790667
9536083
9843038
9400934
9590284
9863607
9869602
9950360
9529364
9497246
9448273
9563950
9450866
9671401
9427148
9888390
9360520
9463318
9288106
9973276
9590178
9391889
9336417
9546397
9603435
9425228
9585606
9668171
9689113
9506545
9457913
9774970
9709714
9744473
9521325
9714764
9733027
9585611
9425239
941901
9949197
9852676
9294109
9443866
9457914
9391879
9620771
9729124
9831355
9618166
9792409
9703418
9385378
9700175
9521421
9705283
9792861
9342365
9867744
9848786
9800909
9931324
