7831628
22646975
10912743
2066441
9229602
12576806
19708562
22416755
2678230
15193668
21896676
19301724
23357440
9695300
11750293
384815
6418441
19376304
15358868
18229990
18189160
8913901
10940525
12477021
8916620
16505427
361799
21029638
14739125
10578479
1286547
8911223
1780092
23985254
10934569
25784723
20226474
2224060
2803397
12595499
9730996
23021296
7808649
24350813
7814711
14679127
10589810
2088233
21866656
20739054
17616069
24989854
10475150
17897478
19159999
21170734
12709693
26278470
24960665
21491990
23849147
18337284
1131298
7844976
25950425
10070173
24080592
21106663
18958161
20804366
21982657
15848261
22897461
3919804
8911222
11317090
3067745
21393467
10763172
22881991
17293018
7707420
22341427
8989009
24515505
9816035
24803369
23549581
6938020
24726342
20943715
16427787
21669557
23103798
11642083
9573502
20618920
6951573
22538329
19802506
9481998
21718094
2223363
20147856
22435114
11829043
24075141
2188766
21914768
21211686
4919024
18773733
19108790
23392542
22154769
19727232
3081600
7853069
12586799
23417625
7827398
21924760
8779382
23356250
20189026
24317958
11099086
23114870
25068497
18975051
10390665
16055807
23838728
11495215
8519720
18077611
20509069
3074300
15854186
1968178
6421395
24451919
26210844
22420121
2908133
11229858
25931290
16167234
6989377
18845996
18503531
3534803
12139812
6920252
11401641
18783504
22744141
25479285
1459268
11454878
16295154
8771302
14763035
12960652
18544974
15014018
20560622
17321989
10764172
22271197
25885649
8726604
15858959
22865017
11891832
11737955
7598243
19096921
1669598
22956006
25886492
9394106
11381289
25898782
15133359
21975269
25369243
